P2 128 128 255
255 255 255 255 255 255 255 255 255 255 255 255 255 255 255 255 255 255 255 
255 255 255 255 255 255 255 255 255 255 255 255 255 255 255 255 255 255 255 
255 255 255 255 255 255 255 255 255 255 255 255 255 255 255 255 255 255 255 
255 255 255 255 255 255 255 255 255 255 255 255 255 255 255 255 255 255 255 
255 255 255 255 255 255 255 255 255 255 255 255 255 255 255 255 255 255 255 
255 255 255 255 255 255 255 255 255 255 255 255 255 255 255 255 255 255 255 
255 255 255 255 255 255 255 255 255 255 255 255 255 255 255 255 255 255 255 
255 255 255 255 255 255 255 255 255 255 255 255 255 255 255 255 255 255 255 
255 255 255 255 255 255 255 255 255 255 255 255 255 255 255 255 255 255 255 
255 255 255 255 255 255 255 255 255 255 255 255 255 255 255 255 255 255 255 
255 255 255 255 255 255 255 255 255 255 255 255 255 255 255 255 255 255 255 
255 255 255 255 255 255 255 255 255 255 255 255 255 255 255 255 255 255 255 
255 255 255 255 255 255 255 255 255 255 255 255 255 255 255 255 255 255 255 
255 255 255 255 255 255 255 255 255 255 255 255 255 255 255 255 255 255 255 
255 255 255 255 255 255 255 255 255 255 255 255 255 255 255 255 255 255 255 
255 255 255 255 255 255 255 255 255 255 255 255 255 255 255 255 255 255 255 
255 255 255 255 255 255 255 255 255 255 255 255 255 255 255 255 255 255 255 
255 255 255 255 255 255 255 255 255 255 255 255 255 255 255 255 255 255 255 
255 255 255 255 255 255 255 255 255 255 255 255 255 255 255 255 255 255 255 
255 255 255 255 255 255 255 255 255 255 255 255 255 255 255 255 255 255 255 
255 255 255 255 255 255 255 255 255 255 255 255 255 255 255 255 255 255 255 
255 255 255 255 255 255 255 255 255 255 255 255 255 255 255 255 255 255 255 
255 255 255 255 255 255 255 255 255 255 255 255 255 255 255 255 255 255 255 
255 255 255 255 255 255 255 255 255 255 255 255 255 255 255 255 255 255 255 
255 255 255 255 255 255 255 255 255 255 255 255 255 255 255 255 255 255 255 
255 255 255 255 255 255 255 255 255 255 255 255 255 255 255 255 255 255 255 
255 255 255 255 255 255 255 255 255 255 255 255 255 255 255 255 255 255 255 
255 255 255 255 255 255 255 255 255 255 255 255 255 255 255 255 255 255 255 
255 255 255 255 255 255 255 255 255 255 255 255 255 255 255 255 255 255 255 
255 255 255 255 255 255 255 255 255 255 255 255 255 255 255 255 255 255 255 
255 255 255 255 255 255 255 255 255 255 255 255 255 255 255 255 255 255 255 
255 255 255 255 255 255 255 255 255 255 255 255 255 255 255 255 255 255 255 
255 255 255 255 255 255 255 255 255 255 255 255 255 255 255 255 255 255 255 
255 255 255 255 255 255 255 255 255 255 255 255 255 255 255 255 255 255 255 
255 255 255 255 255 255 255 255 255 255 255 255 255 255 255 255 255 255 255 
255 255 255 255 255 255 255 255 255 255 255 255 255 255 255 255 255 255 255 
255 255 255 255 255 255 255 255 255 255 255 255 255 255 255 255 255 255 255 
255 255 255 255 255 255 255 255 255 255 255 255 255 255 255 255 255 255 255 
255 255 255 255 255 255 255 255 255 255 255 255 255 255 255 255 255 255 255 
255 255 255 255 255 255 255 255 255 255 255 255 255 255 255 255 255 255 255 
255 255 255 255 255 255 255 255 255 255 255 255 255 255 255 255 255 255 255 
255 255 255 255 255 255 255 255 255 255 255 255 255 255 255 255 255 255 255 
255 255 255 255 255 255 255 255 255 255 255 255 255 255 255 255 255 255 255 
255 255 255 255 255 255 255 255 255 255 255 255 255 255 255 255 255 255 255 
255 255 255 255 255 255 255 255 255 255 255 255 255 255 255 255 255 255 255 
255 255 255 255 255 255 255 255 255 255 255 255 255 255 255 255 255 255 255 
255 255 255 255 255 255 255 255 255 255 255 255 255 255 255 255 255 255 255 
255 255 255 255 255 255 255 255 255 255 255 255 255 255 255 255 255 255 255 
255 255 255 255 255 255 255 255 255 255 255 255 255 255 255 255 255 255 255 
255 255 255 255 255 255 255 255 255 255 255 255 255 255 255 255 255 255 255 
255 255 255 255 255 255 255 255 255 255 255 255 255 255 255 255 255 255 255 
255 255 255 255 255 255 255 255 255 255 255 255 255 255 255 255 255 255 255 
255 255 255 255 255 255 255 255 255 255 255 255 255 255 255 255 255 255 255 
255 255 255 255 255 255 255 255 255 255 255 255 255 255 255 255 255 255 255 
255 255 255 255 255 255 255 255 255 255 255 255 255 255 255 255 255 255 255 
255 255 255 255 255 255 255 255 255 255 255 255 255 255 255 255 255 255 255 
255 255 255 255 255 255 255 255 255 255 255 255 255 255 255 255 255 255 255 
255 255 255 255 255 255 255 255 255 255 255 255 255 255 255 255 255 255 255 
255 255 255 255 255 255 255 255 255 255 255 255 255 255 255 255 255 255 255 
255 255 255 255 255 255 255 255 255 255 255 255 255 255 255 255 255 255 255 
255 255 255 255 255 255 255 255 255 255 255 255 255 255 255 255 255 255 255 
255 255 255 255 255 255 255 255 255 255 255 255 255 255 255 255 255 255 255 
255 255 255 255 255 255 255 255 255 255 255 255 255 255 255 255 255 255 255 
255 255 255 255 255 255 255 255 255 255 255 255 255 255 255 255 255 255 255 
255 255 255 255 255 255 255 255 255 255 255 255 255 255 255 255 255 255 255 
255 255 255 255 255 255 255 255 255 255 255 255 255 255 255 255 255 255 255 
255 255 255 255 255 255 255 255 255 255 255 255 255 255 255 255 255 255 255 
255 255 255 255 255 255 255 255 255 255 255 255 255 255 255 255 255 255 255 
255 255 255 255 255 255 255 255 255 255 255 255 255 255 255 255 255 255 255 
255 255 255 255 255 255 255 255 255 255 255 255 255 255 255 255 255 255 255 
255 255 255 255 255 255 255 255 255 255 255 255 255 255 255 255 255 255 255 
255 255 255 255 255 255 255 255 255 255 255 255 255 255 255 255 255 255 255 
255 255 255 255 255 255 255 255 255 255 255 255 255 255 255 255 255 255 255 
255 255 255 255 255 255 255 255 255 255 255 255 255 255 255 255 255 255 255 
255 255 255 255 255 255 255 255 255 255 255 255 255 255 255 255 255 255 255 
255 255 255 255 255 255 255 255 255 255 255 255 255 255 255 255 255 255 255 
255 255 255 255 255 255 255 255 255 255 255 255 255 255 255 255 255 255 255 
255 255 255 255 255 255 255 255 255 255 255 255 255 255 255 255 255 255 255 
255 255 255 255 255 255 255 255 255 255 255 255 255 255 255 255 255 255 255 
255 255 255 255 255 255 255 255 255 255 255 255 255 255 255 255 255 255 255 
255 255 255 255 255 255 255 255 255 255 255 255 255 255 255 255 255 255 255 
255 255 255 255 255 255 255 255 255 255 255 255 255 255 255 255 255 255 255 
255 255 255 255 255 255 255 255 255 255 255 255 255 255 255 255 255 255 255 
255 255 255 255 255 255 255 255 255 255 255 255 255 255 255 255 255 255 255 
255 255 255 255 255 255 255 255 255 255 255 255 255 255 255 255 255 255 255 
255 255 255 255 255 255 255 255 255 255 255 255 255 255 255 255 255 255 255 
255 255 255 255 255 255 255 255 255 255 255 255 255 255 255 255 255 255 255 
255 255 255 255 255 255 255 255 255 255 255 255 255 255 255 255 255 255 255 
255 255 255 255 255 255 255 255 255 255 255 255 255 255 255 255 255 255 255 
255 255 255 255 255 255 255 255 255 255 255 255 255 255 255 255 255 255 255 
255 255 255 255 255 255 255 255 255 255 255 255 255 255 255 255 255 255 255 
255 255 255 255 255 255 255 255 255 255 255 255 255 255 255 255 255 255 255 
255 255 255 255 255 255 255 255 255 255 255 255 255 255 255 255 255 255 255 
255 255 255 255 255 255 255 255 255 255 255 255 255 255 255 255 255 255 255 
255 255 255 255 255 255 255 255 255 255 255 255 255 255 255 255 255 255 255 
255 255 255 255 255 255 255 255 255 255 255 255 255 255 255 255 255 255 255 
255 255 255 255 255 255 255 255 255 255 255 255 255 255 255 255 255 255 255 
255 255 255 255 255 255 255 255 255 255 255 255 255 255 255 255 255 255 255 
255 255 255 255 255 255 255 255 255 255 255 255 255 255 255 255 255 255 255 
255 255 255 255 255 255 255 255 255 255 255 255 255 255 255 255 255 255 255 
255 255 255 255 255 255 255 255 255 255 255 255 255 255 255 255 255 255 255 
255 255 255 255 255 255 255 255 255 255 255 255 255 255 255 255 255 255 255 
255 255 255 255 255 255 255 255 255 255 255 255 255 255 255 255 255 255 255 
255 255 255 255 255 255 255 255 255 255 255 255 255 255 255 255 255 255 255 
255 255 255 255 255 255 255 255 255 255 255 255 255 255 255 255 255 255 255 
255 255 255 255 255 255 255 255 255 255 255 255 255 255 255 255 255 255 255 
255 255 255 255 255 255 255 255 255 255 255 255 255 255 255 255 255 255 255 
255 255 255 255 255 255 255 255 255 255 255 255 255 255 255 255 255 255 255 
255 255 255 255 255 255 255 255 255 255 255 255 255 255 255 255 255 255 255 
255 255 255 255 255 255 255 255 255 255 255 255 255 255 255 255 255 255 255 
255 255 255 255 255 255 255 255 255 255 255 255 255 255 255 255 255 255 255 
255 255 255 255 255 255 255 255 255 255 255 255 255 255 255 255 255 255 255 
255 255 255 255 255 255 255 255 255 255 255 255 255 255 255 255 255 255 255 
255 255 255 255 255 255 255 255 255 255 255 255 255 255 255 255 255 255 255 
255 255 255 255 255 255 255 255 255 255 255 255 255 255 255 255 255 255 255 
255 255 255 255 255 255 255 255 255 255 255 255 255 255 255 255 255 255 255 
255 255 255 255 255 255 255 255 255 255 255 255 255 255 255 255 255 255 255 
255 255 255 255 255 255 255 255 255 255 255 255 255 255 255 255 255 255 255 
255 255 255 255 255 255 255 255 255 255 255 255 255 255 255 255 255 255 255 
255 255 255 255 255 255 255 255 255 255 255 255 255 255 255 255 255 255 255 
255 255 255 255 255 255 255 255 255 255 255 255 255 255 255 255 255 255 255 
255 255 255 255 255 255 255 255 255 255 255 255 255 255 255 255 255 255 255 
255 255 255 255 255 255 255 255 255 255 255 255 255 255 255 255 255 255 255 
255 255 255 255 255 255 255 255 255 255 255 255 255 255 255 255 255 255 255 
255 255 255 255 255 255 255 255 255 255 255 255 255 255 255 255 255 255 255 
255 255 255 255 255 255 255 255 255 255 255 255 255 255 255 255 255 255 255 
255 255 255 255 255 255 255 255 255 255 255 255 255 255 255 255 255 255 255 
255 255 255 255 255 255 255 255 255 255 255 255 255 255 255 255 255 255 255 
255 255 255 255 255 255 255 255 255 255 255 255 255 255 255 255 255 255 255 
255 255 255 255 255 255 255 255 255 255 255 255 255 255 255 255 255 255 255 
255 255 255 255 255 255 255 255 255 255 255 255 255 255 255 255 255 255 255 
255 255 255 255 255 255 255 255 255 255 255 255 255 255 255 255 255 255 255 
255 255 255 255 255 255 255 255 255 255 255 255 255 255 255 255 255 255 255 
255 255 255 255 255 255 255 255 255 255 255 255 255 255 255 255 255 255 255 
255 255 255 255 255 255 255 255 255 255 255 255 255 255 255 255 255 255 255 
255 255 255 255 255 255 255 255 255 255 255 255 255 255 255 255 255 255 255 
255 255 255 255 255 255 255 255 255 255 255 255 255 255 255 255 255 255 255 
255 255 255 255 255 255 255 255 255 255 255 255 255 255 255 255 255 255 255 
255 255 255 255 255 255 255 255 255 255 255 255 255 255 255 255 255 255 255 
255 255 255 255 255 255 255 255 255 255 255 255 255 255 255 255 255 255 255 
255 255 255 255 255 255 255 255 255 255 255 255 255 255 255 255 255 255 255 
255 255 255 255 255 255 255 255 255 255 255 255 255 255 255 255 255 255 255 
255 255 255 255 255 255 255 255 255 255 255 255 255 255 255 255 255 255 255 
255 255 255 255 255 255 255 255 255 255 255 255 255 255 255 255 255 255 255 
255 255 255 255 255 255 255 255 255 255 255 255 255 255 255 255 255 255 255 
255 255 255 255 255 255 255 255 255 255 255 255 255 255 255 255 255 255 255 
255 255 255 255 255 255 255 255 255 255 255 255 255 255 255 255 255 255 255 
255 255 255 255 255 255 255 255 255 255 255 255 255 255 255 255 255 255 255 
255 255 255 255 255 255 255 255 255 255 255 255 255 255 255 255 255 255 255 
255 255 255 255 255 255 255 255 255 255 255 255 255 255 255 255 255 255 255 
255 255 255 255 255 255 255 255 255 255 255 255 255 255 255 255 255 255 255 
255 255 255 255 255 255 255 255 255 255 255 255 255 255 255 255 255 255 255 
255 255 255 255 255 255 255 255 255 255 255 255 255 255 255 255 255 255 255 
255 255 255 255 255 255 255 255 255 255 255 255 255 255 255 255 255 255 255 
255 255 255 255 255 255 255 255 255 255 255 255 255 255 255 255 255 255 255 
255 255 255 255 255 255 255 255 255 255 255 255 255 255 255 255 255 255 255 
255 255 255 255 255 255 255 255 255 255 255 255 255 255 255 255 255 255 255 
255 255 255 255 255 255 255 255 255 255 255 255 255 255 255 255 255 255 255 
255 255 255 255 255 255 255 255 255 255 255 255 255 255 255 255 255 255 255 
255 255 255 255 255 255 255 255 255 255 255 255 255 255 255 255 255 255 255 
255 255 255 255 255 255 255 255 255 255 255 255 255 255 255 255 255 255 255 
255 255 255 255 255 255 255 255 255 255 255 255 255 255 255 255 255 255 255 
255 255 255 255 255 255 255 255 255 255 255 255 255 255 255 255 255 255 255 
255 255 255 255 255 255 255 255 255 255 255 255 255 255 255 255 255 255 255 
255 255 255 255 255 255 255 255 255 255 255 255 255 255 255 255 255 255 255 
255 255 255 255 255 255 255 255 255 255 255 255 255 255 255 255 255 255 255 
255 255 255 255 255 255 255 255 255 255 255 255 255 255 255 255 255 255 255 
255 255 255 255 255 255 255 255 255 255 255 255 255 255 255 255 255 255 255 
255 255 255 255 255 255 255 255 255 255 255 255 255 255 255 255 255 255 255 
255 255 255 255 255 255 255 255 255 255 255 255 255 255 255 255 255 255 255 
255 255 255 255 255 255 255 255 255 255 255 255 255 255 255 255 255 255 255 
255 255 255 255 255 255 255 255 255 255 255 255 255 255 255 255 255 255 255 
255 255 255 255 255 255 255 255 255 255 255 255 255 255 255 255 255 255 255 
255 255 255 255 255 255 255 255 255 255 255 255 255 255 255 255 255 255 255 
255 255 255 255 255 255 255 255 255 255 255 255 255 255 255 255 255 255 255 
255 255 255 255 255 255 255 255 255 255 255 255 255 255 255 255 255 255 255 
255 255 255 255 255 255 255 255 255 255 255 255 255 255 255 255 255 255 255 
255 255 255 255 255 255 255 255 255 255 255 255 255 255 255 255 255 255 255 
255 255 255 255 255 255 255 255 255 255 255 255 255 255 255 255 255 255 255 
255 255 255 255 255 255 255 255 255 255 255 255 255 255 255 255 255 255 255 
255 255 255 255 255 255 255 255 255 255 255 255 255 255 255 255 255 255 255 
255 255 255 255 255 255 255 255 255 255 255 255 255 255 255 255 255 255 255 
255 255 255 255 255 255 255 255 255 255 255 255 255 255 255 255 255 255 255 
255 255 255 255 255 255 255 255 255 255 255 255 255 255 255 255 255 255 255 
255 255 255 255 255 255 255 255 255 255 255 255 255 255 255 255 255 255 255 
255 255 255 255 255 255 255 255 255 255 255 255 255 255 255 255 255 255 255 
255 255 255 255 255 255 255 255 255 255 255 255 255 255 255 255 255 255 255 
255 255 255 255 255 255 255 255 255 255 255 255 255 255 255 255 255 255 255 
255 255 255 255 255 255 255 255 255 255 255 255 255 255 255 255 255 255 255 
255 255 255 255 255 255 255 255 255 255 255 255 255 255 255 255 255 255 255 
255 255 255 255 255 255 255 255 255 255 255 255 255 255 255 255 255 255 255 
255 255 255 255 255 255 255 255 255 255 255 255 255 255 255 255 255 255 255 
255 255 255 255 255 255 255 255 255 255 255 255 255 255 255 255 255 255 255 
255 255 255 255 255 255 255 255 255 255 255 255 255 255 255 255 255 255 255 
255 255 255 255 255 255 255 255 255 255 255 255 255 255 255 255 255 255 255 
255 255 255 255 255 255 255 255 255 255 255 255 255 255 255 255 255 255 255 
255 255 255 255 255 255 255 255 255 255 255 255 255 255 255 255 255 255 255 
255 255 255 255 255 255 255 255 255 255 255 255 255 255 255 255 255 255 255 
255 255 255 255 255 255 255 255 255 255 255 255 255 255 255 255 255 255 255 
255 255 255 255 255 255 255 255 255 255 255 255 255 255 255 255 255 255 255 
255 255 255 255 255 255 255 255 255 255 255 255 255 255 255 255 255 255 255 
255 255 255 255 255 255 255 255 255 255 255 255 255 255 255 255 255 255 255 
255 255 255 255 255 255 255 255 255 255 255 255 255 255 255 255 255 255 255 
255 255 255 255 255 255 255 255 255 255 255 255 255 255 255 255 255 255 255 
255 255 255 255 255 255 255 255 255 255 255 255 255 255 255 255 255 255 255 
255 255 255 255 255 255 255 255 255 255 255 255 255 255 255 255 255 255 255 
255 255 255 255 255 255 255 255 255 255 255 255 255 255 255 255 255 255 255 
255 255 255 255 255 255 255 255 255 255 255 255 255 255 255 255 255 255 255 
255 255 255 255 255 255 255 255 255 255 255 255 255 255 255 255 255 255 255 
255 255 255 255 255 255 255 255 255 255 255 255 255 255 255 255 255 255 255 
255 255 255 255 255 255 255 255 255 255 255 255 255 255 255 255 255 255 255 
255 255 255 255 255 255 255 255 255 255 255 255 255 255 255 255 255 255 255 
255 255 255 255 255 255 255 255 255 255 255 255 255 255 255 255 255 255 255 
255 255 255 255 255 255 255 255 255 255 255 255 255 255 255 255 255 255 255 
255 255 255 255 255 255 255 255 255 255 255 255 255 255 255 255 255 255 255 
255 255 255 255 255 255 255 255 255 255 255 255 255 255 255 255 255 255 255 
255 255 255 255 255 255 255 255 255 255 255 255 255 255 255 255 255 255 255 
255 255 255 255 255 255 255 255 255 255 255 255 255 255 255 255 255 255 255 
255 255 255 255 255 255 255 255 255 255 255 255 255 255 255 255 255 255 255 
255 255 255 255 255 255 255 255 255 255 255 255 255 255 255 255 255 255 255 
255 255 255 255 255 255 255 255 255 255 255 255 255 255 255 255 255 255 255 
255 255 255 255 255 255 255 255 255 255 255 255 255 255 255 255 255 255 255 
255 255 255 255 255 255 255 255 255 255 255 255 255 255 255 255 255 255 255 
255 255 255 255 255 255 255 255 255 255 255 255 255 255 255 255 255 255 255 
255 255 255 255 255 255 255 255 255 255 255 255 255 255 255 255 255 255 255 
255 255 255 255 255 255 255 255 255 255 255 255 255 255 255 255 255 255 255 
255 255 255 255 255 255 255 255 255 255 255 255 255 255 255 255 255 255 255 
255 255 255 255 255 255 255 255 255 255 255 255 255 255 255 255 255 255 255 
255 255 255 255 255 255 255 255 255 255 255 255 255 255 255 255 255 255 255 
255 255 255 255 255 255 255 255 255 255 255 255 255 255 255 255 255 255 255 
255 255 255 255 255 255 255 255 255 255 255 255 255 255 255 255 255 255 255 
255 255 255 255 255 255 255 255 255 255 255 255 255 255 255 255 255 255 255 
255 255 255 255 255 255 255 255 255 255 255 255 255 255 255 255 255 255 255 
255 255 255 255 255 255 255 255 255 255 255 255 255 255 255 255 255 255 255 
255 255 255 255 255 255 255 255 255 255 255 255 255 255 255 255 255 255 255 
255 255 255 255 255 255 255 255 255 255 255 255 255 255 255 255 255 255 255 
255 255 255 255 255 255 255 255 255 255 255 255 255 255 255 255 255 255 255 
255 255 255 255 255 255 255 255 255 255 255 255 255 255 255 255 255 255 255 
255 255 255 255 255 255 255 255 255 255 255 255 255 255 255 255 255 255 255 
255 255 255 255 255 255 255 255 255 255 255 255 255 255 255 255 255 255 255 
255 255 255 255 255 255 255 255 255 255 255 255 255 255 255 255 255 255 255 
255 255 255 255 255 255 255 255 255 255 255 255 255 255 255 255 255 255 255 
255 255 255 255 255 255 255 255 255 255 255 255 255 255 255 255 255 255 255 
255 255 255 255 255 255 255 255 255 255 255 255 255 255 255 255 255 255 255 
255 255 255 255 255 255 255 255 255 255 255 255 255 255 255 255 255 255 255 
255 255 255 255 255 255 255 255 255 255 255 255 255 255 255 255 255 255 255 
255 255 255 255 255 255 255 255 255 255 255 255 255 255 255 255 255 255 255 
255 255 255 255 255 255 255 255 255 255 255 255 255 255 255 255 255 255 255 
255 255 255 255 255 255 255 255 255 255 255 255 255 255 255 255 255 255 255 
255 255 255 255 255 255 255 255 255 255 255 255 255 255 255 255 255 255 255 
255 255 255 255 255 255 255 255 255 255 255 255 255 255 255 255 255 255 255 
255 255 255 255 255 255 255 255 255 255 255 255 255 255 255 255 255 255 255 
255 255 255 255 255 255 255 255 255 255 255 255 255 255 255 255 255 255 255 
255 255 255 255 255 255 255 255 255 255 255 255 255 255 255 255 255 255 255 
255 255 255 255 255 255 255 255 255 255 255 255 255 255 255 255 255 255 255 
255 255 255 255 255 255 255 255 255 255 255 255 255 255 255 255 255 255 255 
255 255 255 255 255 255 255 255 255 255 255 255 255 255 255 255 255 255 255 
255 255 255 255 255 255 255 255 255 255 255 255 255 255 255 255 255 255 255 
255 255 253 250 249 248 252 255 255 255 255 255 255 255 255 255 255 255 255 
255 255 255 255 255 255 255 255 255 255 255 255 255 255 255 255 255 255 255 
255 255 255 255 255 255 255 255 255 255 255 255 255 255 255 255 255 255 255 
255 255 255 255 255 255 255 255 255 255 255 255 255 255 255 255 255 255 255 
255 255 255 255 255 255 255 255 255 255 255 255 255 255 255 255 255 255 255 
255 255 255 255 255 255 255 255 255 255 255 255 255 255 255 255 255 255 255 
255 255 255 255 255 255 255 255 255 255 255 255 255 255 255 255 240 201 186 
182 224 255 255 255 255 255 255 255 255 255 255 255 255 255 255 255 255 255 
255 255 255 255 255 255 255 255 255 255 255 255 255 255 255 255 255 255 255 
255 255 255 255 255 255 255 255 255 255 255 255 255 255 255 255 255 255 255 
255 255 255 255 255 255 255 255 255 255 255 255 255 255 255 255 255 255 255 
255 255 255 255 255 255 255 255 255 255 255 255 255 255 255 255 255 255 255 
255 255 255 255 255 255 255 255 255 255 255 255 255 255 255 255 255 255 255 
255 255 255 255 255 255 255 255 255 255 255 230 167 143 136 188 226 230 232 
235 245 255 255 255 255 255 255 255 255 255 255 255 255 255 255 255 255 255 
255 255 255 255 255 255 255 255 255 255 255 255 255 255 255 255 255 255 255 
255 255 255 255 255 255 255 255 255 255 255 255 255 255 255 255 255 255 255 
255 255 255 255 255 255 255 255 255 255 255 255 255 255 255 255 255 255 255 
255 255 255 255 255 255 255 255 255 255 255 255 255 255 255 255 255 255 255 
255 255 255 255 255 255 255 255 255 255 255 255 255 255 255 255 255 255 255 
255 255 255 255 255 255 227 155 129 124 139 153 164 173 183 219 255 255 255 
255 255 255 255 255 255 255 255 255 255 255 255 255 255 255 255 255 255 255 
255 255 255 255 255 255 255 255 255 255 255 255 255 255 255 255 255 255 255 
255 255 255 255 255 255 255 255 255 255 255 255 255 255 255 255 255 255 255 
255 255 255 255 255 255 255 255 255 255 255 255 255 255 255 255 255 255 255 
255 255 255 255 255 255 255 255 255 255 255 255 255 255 255 255 255 255 255 
255 255 255 255 255 255 255 255 255 255 255 255 255 255 255 255 255 255 255 
255 226 151 124 119 122 127 136 144 152 180 207 208 210 213 216 220 241 255 
255 244 226 223 221 223 233 251 255 255 255 255 255 255 255 255 255 255 255 
255 255 255 255 255 255 255 255 255 255 255 255 255 255 255 255 255 255 255 
255 255 255 255 255 255 255 255 255 255 255 255 255 255 255 255 255 255 255 
255 255 255 255 255 255 255 255 255 255 255 255 255 255 255 255 255 255 255 
255 255 255 255 255 255 255 255 255 255 255 255 255 255 255 255 255 255 255 
255 255 255 255 255 255 255 255 255 255 255 255 255 255 255 226 151 124 117 
118 121 125 128 132 134 136 139 144 151 159 168 220 255 255 228 184 176 173 
175 200 246 255 255 255 255 255 255 255 255 255 255 255 255 255 255 255 255 
255 255 255 255 255 255 255 255 255 255 255 255 255 255 255 255 255 255 255 
255 255 255 255 255 255 255 255 255 255 255 255 255 255 255 255 255 255 255 
255 255 255 255 255 255 255 255 255 255 255 255 255 255 255 255 255 255 255 
255 255 255 255 255 255 255 255 255 255 255 255 255 255 255 255 255 255 255 
255 255 255 255 255 255 255 255 255 255 228 159 131 122 121 120 122 123 124 
126 127 129 133 138 143 149 173 190 191 181 163 160 159 161 173 196 203 207 
237 255 255 255 255 255 255 255 255 255 255 255 255 255 255 252 247 252 255 
255 255 255 255 255 255 255 255 255 255 255 255 255 255 255 255 255 255 255 
255 255 255 255 255 255 255 255 255 255 255 255 255 255 255 255 255 255 255 
255 255 255 255 255 255 255 255 255 255 255 255 255 255 255 255 255 255 255 
255 255 255 255 255 255 255 255 255 255 255 255 255 255 255 255 255 255 255 
255 255 255 255 255 234 179 149 128 124 122 121 120 119 120 121 122 124 128 
131 134 137 140 142 144 145 146 147 149 153 158 162 170 214 245 252 255 255 
255 255 255 255 255 255 255 255 255 255 250 244 251 255 255 255 255 255 255 
255 255 255 255 255 255 255 255 255 255 255 254 254 254 254 255 255 255 255 
255 255 255 255 255 255 255 255 255 255 255 255 255 255 255 255 255 255 255 
255 255 255 255 255 255 255 255 255 255 255 255 255 255 255 255 255 255 255 
255 255 255 255 255 255 255 255 255 255 255 255 255 255 255 255 255 255 255 
248 232 191 139 132 126 123 121 119 120 120 121 122 125 128 129 131 133 134 
136 139 140 142 144 146 150 156 162 182 207 243 255 255 255 255 255 255 255 
255 255 255 255 255 253 252 253 255 255 255 255 255 255 255 255 255 255 255 
255 255 255 255 255 253 252 252 252 253 253 254 254 255 255 255 255 255 255 
255 255 255 255 255 255 255 255 255 255 255 255 255 255 255 255 255 255 255 
255 255 255 255 255 255 255 255 255 255 255 255 255 255 255 255 255 255 255 
255 255 255 255 255 255 255 255 255 255 255 255 255 255 255 255 225 181 154 
133 128 123 121 121 121 121 122 124 126 127 128 130 131 133 134 136 138 139 
142 144 149 154 162 180 215 237 254 255 255 255 255 255 255 255 253 253 254 
255 255 255 255 255 255 255 255 255 255 255 255 255 255 255 254 253 252 251 
249 247 247 247 248 249 250 252 252 253 254 254 255 255 255 255 255 255 255 
255 255 255 255 255 255 255 255 255 255 255 255 255 255 255 255 255 255 255 
255 255 255 255 255 255 255 255 255 255 255 255 255 255 255 255 255 255 255 
255 255 255 255 255 255 255 255 255 255 255 252 246 188 143 134 128 123 122 
122 122 123 125 126 127 128 129 131 132 133 133 135 137 139 140 144 147 152 
160 171 207 253 255 255 255 255 255 255 254 250 249 254 255 255 255 255 255 
255 255 255 255 255 255 255 255 255 254 253 249 247 243 241 241 240 240 241 
242 243 247 249 251 252 253 254 255 255 255 255 255 255 255 255 255 255 255 
255 255 255 255 255 255 255 255 255 255 255 255 255 255 255 255 255 255 255 
255 255 255 255 255 255 255 255 255 255 255 255 255 255 255 255 255 255 255 
255 255 255 255 255 255 255 255 224 192 160 141 133 129 128 127 126 127 128 
128 129 130 130 131 131 133 133 134 136 138 139 142 146 151 158 180 210 235 
255 255 255 255 255 255 252 252 252 253 255 255 255 255 255 255 255 255 255 
254 253 252 249 248 247 244 241 239 237 235 235 235 235 236 238 241 245 247 
249 251 253 254 255 255 255 255 255 255 255 255 255 255 255 255 255 255 255 
255 255 255 255 255 255 255 255 255 255 255 255 255 255 255 255 255 255 255 
255 255 255 255 255 255 255 255 255 255 255 255 255 255 255 255 255 255 255 
255 255 255 255 241 190 162 151 142 134 132 130 130 130 129 130 130 130 130 
130 131 132 132 133 134 136 138 141 146 151 158 166 212 247 247 248 249 250 
252 252 252 249 251 254 254 255 255 255 255 255 254 254 252 250 247 242 241 
240 238 236 235 233 231 230 230 230 231 233 237 241 243 246 249 252 253 254 
255 255 255 255 255 255 255 255 255 255 255 255 255 255 255 255 255 255 255 
255 255 255 255 255 255 255 255 255 255 255 255 255 255 255 255 255 255 255 
255 255 255 255 255 255 255 255 255 255 255 255 255 255 255 255 255 255 250 
232 222 218 183 148 142 138 135 133 132 132 131 131 130 130 130 131 131 132 
133 133 135 138 141 145 151 158 178 194 199 204 208 219 230 234 236 238 242 
247 251 252 253 253 254 252 250 246 241 236 234 230 230 229 228 227 226 226 
226 226 226 227 228 230 234 237 241 243 247 249 252 254 255 255 255 255 255 
255 255 255 255 255 255 255 255 255 255 255 255 255 255 255 255 255 255 255 
255 255 255 255 255 255 255 255 255 255 255 255 255 255 255 255 255 255 255 
255 255 255 255 255 255 255 255 255 255 255 255 255 255 255 255 255 218 182 
176 164 145 139 135 133 132 131 131 130 130 129 129 130 131 132 133 136 139 
142 147 152 158 163 170 177 183 196 209 214 219 224 230 235 241 244 245 245 
246 243 240 235 229 224 222 220 220 220 219 219 218 220 221 221 223 224 225 
228 231 235 238 241 244 247 250 252 254 255 255 255 255 255 255 255 255 255 
255 255 255 255 255 255 255 255 255 255 255 255 255 255 255 255 255 255 255 
255 255 255 255 255 255 255 255 255 255 255 255 255 255 255 255 255 255 255 
255 255 255 255 255 255 255 255 255 255 255 255 247 240 239 215 163 144 139 
135 133 132 130 129 129 128 128 128 129 131 133 134 138 140 145 150 156 161 
166 171 177 184 190 196 201 206 212 218 223 226 228 228 227 225 223 218 215 
213 213 212 213 213 212 212 212 213 215 217 218 221 224 226 230 233 236 239 
241 245 248 251 253 255 255 255 255 255 255 255 255 255 255 255 255 255 255 
255 255 255 255 255 255 255 255 255 255 255 255 255 255 255 255 255 255 255 
255 255 255 255 255 255 255 255 255 255 255 255 255 255 255 255 255 255 255 
255 255 255 255 255 255 255 255 255 255 230 172 150 140 136 133 131 130 129 
128 128 128 128 128 130 131 133 136 139 143 147 151 156 161 166 171 175 180 
184 189 194 198 202 206 209 211 211 211 210 208 206 205 204 204 204 205 205 
205 206 206 208 210 213 215 218 222 225 229 232 235 238 241 243 247 250 252 
255 255 255 255 255 255 255 255 255 255 255 255 255 255 255 255 255 255 255 
255 255 255 255 255 255 255 255 255 255 255 255 255 255 255 255 255 255 255 
255 255 255 255 255 255 255 255 255 255 255 255 255 255 255 255 255 255 255 
255 255 255 255 254 230 176 153 141 136 133 130 129 128 128 127 127 127 128 
128 130 133 135 138 140 144 147 151 156 161 165 169 173 176 179 184 186 189 
190 192 194 195 196 196 196 195 195 196 196 197 197 198 199 200 201 203 206 
208 212 215 220 224 229 232 235 238 240 243 246 249 252 255 255 255 255 255 
255 255 255 255 255 255 255 255 255 255 255 255 255 255 255 255 255 255 255 
255 255 255 255 255 255 255 255 255 255 255 255 255 255 255 255 255 255 255 
255 255 255 255 255 255 255 255 255 255 255 255 255 255 255 255 255 251 221 
191 162 147 138 133 130 128 128 128 127 126 126 127 127 128 129 132 134 138 
140 143 146 150 153 157 160 163 167 169 172 174 176 177 178 180 182 184 185 
185 186 186 187 189 190 191 192 194 196 197 200 201 204 207 209 213 218 223 
227 231 235 237 239 242 246 248 251 255 255 255 255 255 255 255 255 255 255 
255 255 255 255 255 255 255 255 255 255 254 253 252 252 252 252 253 254 254 
254 254 254 255 255 255 255 255 255 255 255 255 255 255 255 255 255 255 255 
255 255 255 255 255 255 255 255 255 255 255 245 229 188 161 149 140 133 130 
128 127 126 126 126 125 126 126 126 127 128 131 133 137 139 141 144 147 150 
153 156 159 162 162 164 167 167 168 169 171 173 174 176 177 178 179 181 183 
184 185 187 190 192 195 198 201 203 205 207 210 215 221 226 231 235 237 239 
242 246 248 251 255 255 255 255 255 255 255 255 255 255 255 255 255 255 255 
255 255 255 255 254 251 247 246 245 244 246 247 250 252 252 252 253 254 255 
255 255 255 255 255 255 255 255 255 255 255 255 255 255 255 255 255 255 255 
255 255 255 255 255 255 214 172 156 144 139 133 129 127 125 123 123 123 123 
124 124 124 124 126 128 129 132 135 137 139 141 144 147 150 152 155 157 159 
161 162 163 164 165 166 167 169 170 172 173 175 177 178 179 181 183 185 189 
193 197 201 203 205 207 209 213 218 224 230 235 238 241 243 247 249 252 255 
255 255 255 255 255 255 255 255 255 255 255 255 255 255 255 255 255 240 223 
218 215 213 212 210 213 214 218 218 218 219 220 223 232 251 255 255 255 255 
255 244 225 223 222 221 221 221 221 221 222 222 222 221 220 218 217 214 213 
211 176 142 137 133 131 128 125 123 122 121 121 122 122 123 124 124 124 126 
128 128 131 133 136 139 140 142 145 148 150 152 154 156 157 158 160 161 162 
163 164 166 167 167 168 171 173 174 176 178 180 183 186 190 196 200 203 205 
207 209 213 217 223 229 234 237 241 244 247 251 252 255 255 255 255 255 255 
255 255 255 255 255 255 255 255 255 255 255 255 215 173 168 165 164 162 162 
163 166 167 167 167 167 168 171 195 243 255 255 255 255 255 225 178 171 168 
167 166 166 167 167 167 168 168 167 163 159 155 149 144 140 134 129 127 126 
125 123 122 121 120 119 120 121 122 122 123 124 125 126 128 128 130 133 135 
138 139 142 144 146 149 150 152 153 155 156 157 158 160 162 162 163 163 164 
165 167 169 172 173 175 178 180 184 188 194 199 203 205 207 209 212 215 220 
226 231 236 241 245 248 252 254 255 255 255 255 255 255 255 255 255 255 255 
255 255 255 249 225 210 201 178 154 150 148 146 145 144 145 146 147 147 146 
147 147 149 161 184 190 191 191 190 190 175 151 148 145 145 144 144 144 144 
144 144 144 144 143 140 138 134 131 128 126 124 123 122 122 121 120 120 119 
119 120 121 122 122 123 125 126 127 128 129 130 133 134 136 139 141 144 146 
148 150 150 152 153 155 156 157 159 161 162 162 162 163 163 166 168 170 173 
175 177 180 184 188 192 197 202 205 207 209 212 214 219 224 230 235 241 246 
250 253 254 255 255 255 255 255 255 255 255 255 255 255 255 255 255 246 207 
178 158 150 144 140 138 135 133 133 133 133 133 133 132 132 132 133 133 133 
133 134 134 133 133 133 132 130 129 129 128 128 128 128 127 127 128 128 128 
128 127 125 123 121 121 120 120 120 120 119 119 119 119 119 120 121 122 122 
124 125 127 128 129 130 131 133 133 135 139 141 144 145 148 149 150 151 152 
154 156 157 159 160 162 162 162 162 163 165 167 169 172 174 177 180 184 187 
191 196 201 204 207 210 212 214 218 223 228 234 241 247 252 254 255 255 255 
255 255 255 255 255 255 255 255 255 255 255 255 252 239 212 173 159 151 147 
143 139 136 133 132 131 130 129 128 128 128 128 128 128 128 128 127 127 127 
127 126 125 124 123 122 122 122 121 121 121 121 122 122 122 122 120 119 117 
117 117 117 118 118 118 118 120 121 121 122 122 122 123 125 126 128 128 130 
131 132 133 134 137 139 141 144 146 148 149 150 151 152 153 155 156 157 159 
161 162 162 162 163 165 167 169 172 174 178 180 184 187 190 196 201 204 207 
211 213 215 219 224 227 233 240 247 252 254 255 255 255 255 255 255 255 255 
255 255 255 255 255 255 255 255 255 235 196 181 174 177 172 154 145 140 137 
134 132 130 128 127 126 125 125 124 124 123 123 122 122 122 122 122 121 120 
120 119 118 118 117 117 118 119 119 119 118 117 116 116 116 116 116 117 118 
118 118 120 121 122 122 122 123 123 125 127 128 129 130 131 133 133 135 138 
139 142 144 145 147 149 150 151 152 153 155 156 157 158 160 162 162 163 164 
165 167 169 172 175 178 181 184 187 190 195 200 203 207 212 214 216 220 224 
227 233 240 247 252 254 255 255 255 255 255 255 255 255 255 255 255 255 255 
255 255 255 255 246 229 218 211 230 224 181 162 154 148 143 139 135 133 130 
128 128 126 124 123 122 122 121 121 122 122 122 121 120 119 118 118 117 117 
117 119 119 119 118 118 117 116 116 116 116 117 117 118 118 119 120 121 122 
122 123 123 123 125 127 128 128 129 131 133 133 136 139 140 141 143 144 146 
148 150 151 152 154 155 156 157 158 160 162 163 164 166 166 167 169 173 175 
178 182 184 187 190 195 199 203 207 212 215 218 221 224 228 233 239 247 252 
254 255 255 255 255 255 255 255 255 255 255 255 255 255 255 255 255 255 252 
245 239 235 247 245 218 200 183 171 161 153 147 141 137 133 131 129 128 126 
124 122 122 122 122 122 122 122 121 120 119 118 118 118 118 119 119 119 118 
117 116 116 116 116 116 116 116 117 118 119 120 121 122 122 122 123 124 125 
126 128 128 129 131 133 134 136 139 140 141 143 144 146 148 150 151 153 154 
155 156 156 158 161 162 164 166 167 167 168 170 173 175 179 183 184 188 190 
195 198 203 207 213 216 219 223 226 229 234 240 247 252 254 255 255 255 255 
255 255 255 255 255 255 255 255 255 255 255 255 255 255 255 255 255 255 255 
255 238 214 196 180 168 159 150 144 139 136 133 131 128 126 125 123 122 123 
123 123 122 122 121 120 119 119 119 120 120 119 118 118 117 116 115 115 116 
116 116 116 117 118 118 119 120 121 122 122 123 124 125 126 128 128 128 130 
133 134 137 139 140 141 142 144 146 148 150 152 153 154 155 156 156 158 162 
164 166 167 167 167 168 170 173 175 179 183 185 188 191 195 198 202 207 213 
218 221 224 228 230 235 240 247 252 254 255 255 255 255 255 255 255 255 255 
255 255 255 255 255 255 255 255 255 255 255 255 255 254 252 241 224 207 191 
178 167 158 152 145 142 139 135 133 130 128 126 125 124 124 124 124 123 122 
122 122 122 122 122 122 122 121 120 119 118 117 116 116 117 117 117 118 118 
119 119 120 120 121 122 122 123 124 125 127 128 128 130 132 134 136 139 140 
141 142 144 146 148 150 151 153 154 155 156 157 159 162 165 167 168 168 168 
168 170 173 175 178 181 184 188 191 195 198 201 207 212 217 222 225 229 232 
236 241 247 252 254 255 255 255 255 255 255 255 255 255 255 255 255 255 255 
252 251 247 246 244 243 242 241 240 236 229 218 205 191 178 168 161 154 148 
144 140 138 135 133 130 128 126 126 125 125 125 124 124 124 124 124 125 125 
124 123 122 122 120 119 118 118 118 118 118 118 118 119 119 119 119 120 121 
122 122 123 124 125 127 128 128 130 132 133 136 138 139 141 143 144 146 148 
150 151 153 154 155 156 157 160 163 166 168 169 170 169 169 170 172 174 178 
181 184 188 191 194 197 201 206 211 216 221 225 230 233 238 243 249 253 254 
255 255 255 255 255 255 255 255 255 255 255 255 255 255 247 238 228 220 215 
211 208 205 202 198 192 186 178 170 163 157 153 149 144 141 139 136 134 133 
131 129 128 127 126 125 125 124 124 124 124 125 125 126 125 124 123 122 121 
120 119 119 118 118 118 118 117 117 117 118 119 120 121 122 122 123 124 126 
127 128 128 130 133 133 136 138 139 141 143 144 146 148 150 151 153 154 156 
157 159 162 165 167 169 171 171 170 169 169 171 173 177 181 184 189 192 195 
197 201 205 209 215 220 226 231 235 240 244 251 255 255 255 255 255 255 255 
255 255 255 255 255 255 255 244 227 215 203 194 187 182 178 175 173 170 167 
164 161 156 153 149 146 144 140 138 136 134 133 132 132 130 128 127 126 125 
125 125 124 124 124 124 125 125 125 125 124 123 122 122 120 120 120 119 119 
119 118 117 117 117 118 118 119 120 122 122 123 124 126 128 128 129 131 133 
134 136 139 140 142 144 145 147 149 150 151 153 155 156 157 160 162 166 168 
171 172 173 172 171 170 172 173 177 180 184 188 191 194 197 200 204 208 213 
219 226 231 235 241 246 251 255 255 255 255 255 255 255 255 255 255 255 255 
255 255 228 186 169 157 153 150 148 145 143 142 141 140 139 139 138 137 135 
134 133 132 129 129 128 128 128 128 128 127 125 125 124 124 124 124 124 124 
124 125 125 125 124 124 123 122 122 121 121 121 121 121 120 119 117 117 117 
118 118 119 120 121 122 123 124 126 128 128 129 132 134 135 138 139 141 142 
144 145 148 149 150 152 153 155 156 158 160 162 166 169 172 173 175 173 172 
171 172 173 176 180 184 188 191 194 196 199 203 207 212 218 226 232 236 241 
247 252 255 255 255 255 255 255 255 255 255 255 255 255 255 255 223 172 159 
150 145 143 140 137 134 133 133 133 132 132 132 131 130 129 128 127 125 125 
125 125 125 126 125 124 124 123 122 122 122 122 122 122 122 122 122 122 122 
122 122 122 122 120 120 120 120 119 119 118 116 116 116 116 117 119 120 121 
122 123 124 126 128 128 130 133 134 136 138 139 141 143 144 146 149 150 152 
153 155 156 157 159 162 164 167 170 173 175 177 176 174 173 172 173 176 179 
184 187 191 194 196 199 202 207 212 218 225 232 237 243 248 252 255 255 255 
255 255 255 255 255 255 255 255 255 255 255 224 177 161 149 144 141 138 135 
132 130 129 129 128 128 128 128 126 125 125 124 122 122 122 122 123 123 123 
123 122 122 122 122 122 122 122 121 121 121 120 120 121 121 121 121 121 120 
119 119 118 118 117 116 116 116 116 116 117 118 120 122 122 123 125 126 128 
129 130 133 135 136 139 140 141 143 145 148 150 151 154 155 156 158 159 161 
163 166 168 172 175 178 179 178 176 173 172 172 175 178 183 187 190 194 196 
199 202 206 211 217 225 232 238 244 250 253 255 255 255 255 255 255 255 255 
255 255 255 255 255 255 246 230 195 164 160 155 150 146 142 139 136 135 133 
131 130 129 127 126 125 124 123 123 123 123 124 124 123 123 122 122 122 122 
122 122 122 121 121 120 120 120 121 121 121 121 121 120 119 118 117 116 116 
116 115 116 116 116 117 119 121 122 123 124 125 127 128 129 131 133 135 136 
139 141 143 144 146 149 150 153 155 156 158 160 161 162 164 167 169 173 177 
179 182 181 178 174 172 170 173 176 180 184 190 193 196 199 202 207 212 217 
225 233 240 247 253 254 255 255 255 255 255 255 255 255 255 255 255 255 255 
255 255 255 224 196 190 187 187 184 182 179 171 153 145 140 138 134 131 129 
128 127 126 126 126 126 126 126 125 124 124 124 123 123 123 122 122 122 121 
120 120 120 121 121 122 121 121 120 119 118 117 116 116 116 115 115 116 116 
118 120 122 122 124 125 126 128 129 130 132 133 135 137 139 142 144 145 148 
150 152 155 157 158 160 162 162 164 166 168 171 175 180 184 187 186 184 177 
173 169 172 174 178 184 188 192 196 199 203 207 213 218 225 234 242 249 255 
255 255 255 255 255 255 255 255 255 255 255 255 255 255 255 255 255 248 241 
232 233 244 246 246 245 227 182 163 155 149 143 138 134 132 131 130 130 130 
129 129 128 128 127 127 126 126 125 124 123 122 122 121 121 121 122 122 122 
122 122 122 120 119 117 117 116 116 116 115 115 115 116 118 120 122 124 125 
126 127 128 130 132 133 134 136 138 140 143 144 147 150 152 154 156 159 161 
162 164 165 167 168 172 174 179 186 191 195 195 190 181 175 170 171 173 177 
182 187 191 195 199 203 207 213 219 227 235 245 251 255 255 255 255 255 255 
255 255 255 255 255 255 255 255 255 255 255 255 253 252 247 247 254 255 255 
255 243 214 195 178 166 155 146 141 139 137 135 134 134 133 133 131 131 130 
129 128 128 128 127 126 125 125 124 124 124 124 124 124 124 124 123 122 121 
120 119 118 117 116 116 116 116 117 119 121 123 125 127 128 129 131 133 133 
135 137 139 140 143 144 147 149 152 154 156 159 162 163 165 167 170 173 176 
179 184 190 197 203 207 207 201 189 179 172 172 173 177 181 186 190 195 200 
204 209 215 222 230 238 248 253 255 255 255 255 255 255 255 255 255 255 255 
255 255 255 255 255 255 255 255 255 255 255 255 255 255 255 252 244 224 199 
182 166 155 148 144 141 139 139 137 136 135 134 133 133 132 131 130 130 129 
128 128 128 128 127 127 127 127 127 127 126 125 124 123 122 122 120 119 117 
116 116 116 118 120 122 125 127 128 129 131 133 134 136 138 139 142 144 145 
147 150 151 154 156 159 162 164 167 169 172 176 180 184 189 194 201 208 215 
220 219 212 196 185 175 173 173 177 181 185 190 196 200 206 211 218 225 233 
242 252 255 255 255 255 255 255 255 255 255 255 255 255 255 255 255 255 255 
255 255 255 255 255 255 255 255 255 255 254 251 230 199 181 166 155 148 144 
141 139 138 137 136 135 134 133 133 132 131 131 130 129 129 128 128 128 128 
128 128 128 128 128 128 128 127 126 125 124 123 122 121 120 120 119 122 123 
126 128 129 130 132 133 135 138 139 142 144 145 148 150 151 152 154 157 160 
162 166 169 172 175 180 185 190 196 201 207 213 219 225 230 229 221 207 193 
179 176 174 178 182 185 190 196 201 207 213 222 231 242 250 254 255 255 255 
255 255 255 255 255 255 255 255 255 255 255 255 255 255 255 255 255 255 255 
255 255 255 255 255 250 236 213 187 173 160 150 144 141 139 138 136 136 135 
134 133 133 133 132 131 131 131 130 130 130 130 130 130 130 130 130 130 130 
130 129 128 128 128 128 127 126 124 123 122 122 124 126 128 130 132 133 134 
136 139 141 143 144 147 149 150 152 154 156 157 160 163 167 170 174 178 183 
189 194 200 205 211 216 222 227 232 235 235 227 214 199 184 178 176 179 183 
186 192 197 203 210 218 229 240 249 255 255 255 255 255 255 255 255 255 255 
255 255 255 255 255 255 255 255 255 255 255 255 255 255 255 255 255 255 255 
237 193 171 159 152 146 142 139 137 136 135 133 133 133 133 132 132 132 131 
131 131 131 131 131 131 131 131 131 131 131 131 131 131 131 130 130 129 129 
129 129 128 128 127 126 126 128 129 131 133 134 136 138 140 142 144 146 147 
149 150 153 155 156 158 161 163 167 171 175 180 186 191 197 203 209 213 218 
222 226 230 233 236 235 229 218 203 188 181 178 181 184 188 194 200 207 215 
224 238 251 253 255 255 255 255 255 255 255 255 255 255 255 255 255 255 255 
255 255 255 255 255 255 255 255 255 244 223 215 210 208 194 162 149 144 140 
138 136 134 133 133 133 132 132 132 132 131 131 131 130 131 131 131 131 131 
131 131 131 131 131 131 132 132 131 131 131 131 130 130 130 130 130 130 129 
128 128 129 131 133 135 137 139 141 143 145 148 150 153 155 157 159 161 162 
163 165 169 173 177 182 187 192 197 203 208 213 217 220 224 227 230 232 235 
233 227 218 204 190 184 181 184 187 190 196 204 212 223 235 246 254 255 255 
255 255 255 255 255 255 255 255 255 255 255 255 255 255 255 255 255 255 255 
255 255 255 254 229 179 161 149 144 140 138 135 133 132 132 131 131 130 130 
130 130 130 131 131 130 131 131 130 131 132 132 132 131 130 130 131 131 131 
131 132 132 131 132 132 131 131 131 131 131 132 132 131 131 130 131 133 135 
138 140 142 144 146 149 152 156 160 162 165 167 167 168 169 171 175 179 184 
189 194 198 202 207 211 215 218 220 224 226 229 230 232 230 225 216 205 192 
186 184 186 190 194 201 208 218 232 248 252 255 255 255 255 255 255 255 255 
255 255 255 255 255 255 255 255 255 255 255 255 255 255 255 255 248 221 192 
163 150 143 139 138 136 134 133 132 132 132 132 132 132 132 133 133 133 133 
133 133 133 133 133 133 134 134 133 133 133 133 133 133 133 133 133 133 133 
133 133 133 133 133 133 133 133 132 132 132 133 136 139 142 145 149 152 156 
160 165 170 175 179 183 183 183 182 183 184 187 190 192 195 196 200 202 206 
209 212 214 216 218 221 224 225 227 225 220 212 201 191 188 186 190 195 199 
208 219 235 246 252 254 255 255 255 255 255 255 255 255 255 255 255 255 255 
255 255 255 255 255 255 255 255 255 255 255 247 208 178 156 148 142 140 139 
139 138 136 135 134 134 134 134 134 134 135 135 135 135 136 135 135 135 135 
136 136 136 136 135 135 135 135 135 135 135 134 134 135 135 135 135 135 135 
135 135 134 134 135 135 139 141 145 150 155 165 175 178 184 189 194 199 203 
206 206 204 202 203 205 207 205 201 200 199 201 202 204 207 208 210 212 214 
216 218 220 221 218 214 207 198 190 189 189 194 200 207 218 232 247 255 255 
255 255 255 255 255 255 255 255 255 255 255 255 255 255 255 255 255 255 255 
255 255 255 255 255 255 252 242 215 173 161 155 154 153 151 150 147 144 142 
140 139 139 138 138 138 138 137 137 137 137 137 138 139 139 139 138 138 137 
136 137 137 137 137 137 137 138 139 139 139 139 139 139 139 139 139 139 141 
142 147 152 159 166 173 205 233 234 235 236 238 239 241 241 241 241 241 241 
241 241 232 214 207 201 200 200 201 202 204 205 207 208 210 213 213 214 211 
207 200 194 189 190 192 199 207 217 235 248 253 255 255 255 255 255 255 255 
255 255 255 255 255 255 255 255 255 255 255 255 255 255 255 255 255 255 255 
255 255 255 238 207 197 194 193 193 192 190 188 168 152 148 144 142 140 139 
139 139 139 139 139 139 139 139 140 140 140 140 140 140 140 140 141 141 140 
140 141 142 144 145 147 149 150 150 151 153 154 155 167 184 188 191 196 201 
207 233 255 255 255 255 255 255 255 255 255 255 255 255 255 255 247 232 218 
205 201 200 199 200 201 201 202 203 204 206 206 206 203 199 195 190 188 190 
199 216 227 233 246 255 255 255 255 255 255 255 255 255 255 255 255 255 255 
255 255 255 255 255 255 255 255 255 255 255 255 255 255 255 255 255 253 251 
250 249 249 249 249 249 249 201 165 156 150 145 143 141 140 139 139 139 139 
139 139 140 141 142 142 143 144 145 145 146 146 146 145 145 146 148 150 153 
157 161 163 166 169 172 173 175 207 248 249 249 250 250 251 253 255 255 255 
255 255 255 255 255 255 255 255 255 255 255 254 253 231 209 203 200 198 198 
198 198 198 198 198 198 198 197 195 192 189 188 188 193 208 241 252 253 254 
255 255 255 255 255 255 255 255 255 255 255 255 255 255 255 255 255 255 255 
255 255 255 255 255 255 255 255 255 255 255 255 255 255 255 255 255 255 255 
255 255 211 174 161 152 147 145 144 144 144 143 144 145 146 148 149 150 151 
154 156 158 160 161 162 162 161 161 160 162 164 169 178 201 211 213 213 215 
217 218 218 235 255 255 255 255 255 255 255 255 255 255 255 255 255 255 255 
255 255 255 255 255 255 255 255 245 232 220 211 203 201 200 197 196 196 194 
193 192 191 190 188 187 188 191 213 233 250 255 255 255 255 255 255 255 255 
255 255 255 255 255 255 255 255 255 255 255 255 255 255 255 255 255 255 255 
255 255 255 255 255 255 255 255 255 255 255 255 255 255 255 255 220 189 168 
156 150 149 149 150 150 151 156 162 161 160 162 165 167 172 176 179 182 183 
184 184 183 183 183 184 187 193 207 241 255 255 255 255 255 255 255 255 255 
255 255 255 255 255 255 255 255 255 255 255 255 255 255 255 255 255 255 255 
255 255 255 255 252 237 224 213 207 202 198 195 193 190 189 188 186 185 185 
186 192 201 235 255 255 255 255 255 255 255 255 255 255 255 255 255 255 255 
255 255 255 255 255 255 255 255 255 255 255 255 255 255 255 255 255 255 255 
255 255 255 255 255 255 255 255 255 255 255 243 224 185 166 161 162 163 167 
169 172 196 223 201 188 190 196 203 214 224 228 230 230 230 230 230 230 230 
231 232 234 239 250 255 255 255 1 2 3 4 5 6 255 255 255 255 255 
255 255 255 255 255 255 255 255 255 255 255 255 255 255 255 255 255 255 254 
249 245 241 228 211 203 196 193 190 187 186 186 186 189 193 213 237 248 255 
255 255 255 255 255 255 255 255 255 255 255 255 255 255 255 255 255 255 255 
255 255 255 255 255 255 255 255 255 255 255 255 255 255 255 255 255 255 255 
255 255 255 255 255 255 255 246 212 196 191 191 192 196 201 203 226 254 231 
217 219 224 231 241 250 253 255 255 255 255 255 255 255 255 255 255 255 255 
255 255 255 255 255 255 255 255 255 255 255 255 255 255 255 255 255 255 255 
255 255 255 255 255 255 255 255 255 255 255 255 255 255 255 255 255 243 226 
219 212 200 193 190 189 190 201 208 213 233 255 255 255 255 255 255 255 255 
255 255 255 255 255 255 255 255 255 255 255 255 255 255 255 255 255 255 255 
255 255 255 255 255 255 255 255 255 255 255 255 255 255 255 255 255 255 255 
255 255 253 247 244 244 240 237 242 245 246 250 255 251 248 248 249 251 252 
254 255 255 255 255 255 255 255 255 255 255 255 255 255 255 255 255 255 255 
255 255 255 255 255 255 255 255 255 255 255 255 255 255 255 255 255 255 255 
255 255 255 255 255 255 255 255 255 255 255 255 252 250 248 240 213 200 195 
195 200 230 247 247 251 255 255 255 255 255 255 255 255 255 255 255 255 255 
255 255 255 255 255 255 255 255 255 255 255 255 255 255 255 255 255 255 255 
255 255 255 255 255 255 255 255 255 255 255 255 255 255 255 255 255 255 255 
255 252 251 253 255 255 255 255 255 255 255 255 255 255 255 255 255 255 255 
255 255 255 255 255 255 255 255 255 255 255 255 255 255 255 255 255 255 255 
255 255 255 255 255 255 255 255 255 255 255 255 255 255 255 255 255 255 255 
255 255 255 255 255 255 255 255 255 255 250 234 226 223 223 226 246 255 255 
255 255 255 255 255 255 255 255 255 255 255 255 255 255 255 255 255 255 255 
255 255 255 255 255 255 255 255 255 255 255 255 255 255 255 255 255 255 255 
255 255 255 255 255 255 255 255 255 255 255 255 255 255 255 255 255 255 255 
255 255 255 255 255 255 255 255 255 255 255 255 255 255 255 255 255 255 255 
255 255 255 255 255 255 255 255 255 255 255 255 255 255 255 255 255 255 255 
255 255 255 255 255 255 255 255 255 255 255 255 255 255 255 255 255 255 255 
255 255 255 255 255 255 255 255 255 255 255 255 255 255 255 255 255 255 255 
255 255 255 255 255 255 255 255 255 255 255 255 255 255 255 255 255 255 255 
255 255 255 255 255 255 255 255 255 255 255 255 255 255 255 255 255 255 255 
255 255 255 255 255 255 255 255 255 255 255 255 255 255 255 255 255 255 255 
255 255 255 255 255 255 255 255 255 255 255 255 255 255 255 255 255 255 255 
255 255 255 255 255 255 255 255 255 255 255 255 255 255 255 255 255 255 255 
255 255 255 255 255 255 255 255 255 255 255 255 255 255 255 255 255 255 255 
255 255 255 255 255 255 255 255 255 255 255 255 255 255 255 255 255 255 255 
255 255 255 255 255 255 255 255 255 255 255 255 255 255 255 255 255 255 255 
255 255 255 255 255 255 255 255 255 255 255 255 255 255 255 255 255 255 255 
255 255 255 255 255 255 255 255 255 255 255 255 255 255 255 255 255 255 255 
255 255 255 255 255 255 255 255 255 255 255 255 255 255 255 255 255 255 255 
255 255 255 255 255 255 255 255 255 255 255 255 255 255 255 255 255 255 255 
255 255 255 255 255 255 255 255 255 255 255 255 255 255 255 255 255 255 255 
255 255 255 255 255 255 255 255 255 255 255 255 255 255 255 255 255 255 255 
255 255 255 255 255 255 255 255 255 255 255 255 255 255 255 255 255 255 255 
255 255 255 255 255 255 255 255 255 255 255 255 255 255 255 255 255 255 255 
255 255 255 255 255 255 255 255 255 255 255 255 255 255 255 255 255 255 255 
255 255 255 255 255 255 255 255 255 255 255 255 255 255 255 255 255 255 255 
255 255 255 255 255 255 255 255 255 255 255 255 255 255 255 255 255 255 255 
255 255 255 255 255 255 255 255 255 255 255 255 255 255 255 255 255 255 255 
255 255 255 255 255 255 255 255 255 255 255 255 255 255 255 255 255 255 255 
255 255 255 255 255 255 255 255 255 255 255 255 255 255 255 255 255 255 255 
255 255 255 255 255 255 255 255 255 255 255 255 255 255 255 255 255 255 255 
255 255 255 255 255 255 255 255 255 255 255 255 255 255 255 255 255 255 255 
255 255 255 255 255 255 255 255 255 255 255 255 255 255 255 255 255 255 255 
255 255 255 255 255 255 255 255 255 255 255 255 255 255 255 255 255 255 255 
255 255 255 255 255 255 255 255 255 255 255 255 255 255 255 255 255 255 255 
255 255 255 255 255 255 255 255 255 255 255 255 255 255 255 255 255 255 255 
255 255 255 255 255 255 255 255 255 255 255 255 255 255 255 255 255 255 255 
255 255 255 255 255 255 255 255 255 255 255 255 255 255 255 255 255 255 255 
255 255 255 255 255 255 255 255 255 255 255 255 255 255 255 255 255 255 255 
255 255 255 255 255 255 255 255 255 255 255 255 255 255 255 255 255 255 255 
255 255 255 255 255 255 255 255 255 255 255 255 255 255 255 255 255 255 255 
255 255 255 255 255 255 255 255 255 255 255 255 255 255 255 255 255 255 255 
255 255 255 255 255 255 255 255 255 255 255 255 255 255 255 255 255 255 255 
255 255 255 255 255 255 255 255 255 255 255 255 255 255 255 255 255 255 255 
255 255 255 255 255 255 255 255 255 255 255 255 255 255 255 255 255 255 255 
255 255 255 255 255 255 255 255 255 255 255 255 255 255 255 255 255 255 255 
255 255 255 255 255 255 255 255 255 255 255 255 255 255 255 255 255 255 255 
255 255 255 255 255 255 255 255 255 255 255 255 255 255 255 255 255 255 255 
255 255 255 255 255 255 255 255 255 255 255 255 255 255 255 255 255 255 255 
255 255 255 255 255 255 255 255 255 255 255 255 255 255 255 255 255 255 255 
255 255 255 255 255 255 255 255 255 255 255 255 255 255 255 255 255 255 255 
255 255 255 255 255 255 255 255 255 255 255 255 255 255 255 255 255 255 255 
255 255 255 255 255 255 255 255 255 255 255 255 255 255 255 255 255 255 255 
255 255 255 255 255 255 255 255 255 255 255 255 255 255 255 255 255 255 255 
255 255 255 255 255 255 255 255 255 255 255 255 255 255 255 255 255 255 255 
255 255 255 255 255 255 255 255 255 255 255 255 255 255 255 255 255 255 255 
255 255 255 255 255 255 255 255 255 255 255 255 255 255 255 255 255 255 255 
255 255 255 255 255 255 255 255 255 255 255 255 255 255 255 255 255 255 255 
255 255 255 255 255 255 255 255 255 255 255 255 255 255 255 255 255 255 255 
255 255 255 255 255 255 255 255 255 255 255 255 255 255 255 255 255 255 255 
255 255 255 255 255 255 255 255 255 255 255 255 255 255 255 255 255 255 255 
255 255 255 255 255 255 255 255 255 255 255 255 255 255 255 255 255 255 255 
255 255 255 255 255 255 255 255 255 255 255 255 255 255 255 255 255 255 255 
255 255 255 255 255 255 255 255 255 255 255 255 255 255 255 255 255 255 255 
255 255 255 255 255 255 255 255 255 255 255 255 255 255 255 255 255 255 255 
255 255 255 255 255 255 255 255 255 255 255 255 255 255 255 255 255 255 255 
255 255 255 255 255 255 255 255 255 255 255 255 255 255 255 255 255 255 255 
255 255 255 255 255 255 255 255 255 255 255 255 255 255 255 255 255 255 255 
255 255 255 255 255 255 255 255 255 255 255 255 255 255 255 255 255 255 255 
255 255 255 255 255 255 255 255 255 255 255 255 255 255 255 255 255 255 255 
255 255 255 255 255 255 255 255 255 255 255 255 255 255 255 255 255 255 255 
255 255 255 255 255 255 255 255 255 255 255 255 255 255 255 255 255 255 255 
255 255 255 255 255 255 255 255 255 255 255 255 255 255 255 255 255 255 255 
255 255 255 255 255 255 255 255 255 255 255 255 255 255 255 255 255 255 255 
255 255 255 255 255 255 255 255 255 255 255 255 255 255 255 255 255 255 255 
255 255 255 255 255 255 255 255 255 255 255 255 255 255 255 255 255 255 255 
255 255 255 255 255 255 255 255 255 255 255 255 255 255 255 255 255 255 255 
255 255 255 255 255 255 255 255 255 255 255 255 255 255 255 255 255 255 255 
255 255 255 255 255 255 255 255 255 255 255 255 255 255 255 255 255 255 255 
255 255 255 255 255 255 255 255 255 255 255 255 255 255 255 255 255 255 255 
255 255 255 255 255 255 255 255 255 255 255 255 255 255 255 255 255 255 255 
255 255 255 255 255 255 255 255 255 255 255 255 255 255 255 255 255 255 255 
255 255 255 255 255 255 255 255 255 255 255 255 255 255 255 255 255 255 255 
255 255 255 255 255 255 255 255 255 255 255 255 255 255 255 255 255 255 255 
255 255 255 255 255 255 255 255 255 255 255 255 255 255 255 255 255 255 255 
255 255 255 255 255 255 255 255 255 255 255 255 255 255 255 255 255 255 255 
255 255 255 255 255 255 255 255 255 255 255 255 255 255 255 255 255 255 255 
255 255 255 255 255 255 255 255 255 255 255 255 255 255 255 255 255 255 255 
255 255 255 255 255 255 255 255 255 255 255 255 255 255 255 255 255 255 255 
255 255 255 255 255 255 255 255 255 255 255 255 255 255 255 255 255 255 255 
255 255 255 255 255 255 255 255 255 255 255 255 255 255 255 255 255 255 255 
255 255 255 255 255 255 255 255 255 255 255 255 255 255 255 255 255 255 255 
255 255 255 255 255 255 255 255 255 255 255 255 255 255 255 255 255 255 255 
255 255 255 255 255 255 255 255 255 255 255 255 255 255 255 255 255 255 255 
255 255 255 255 255 255 255 255 255 255 255 255 255 255 255 255 255 255 255 
255 255 255 255 255 255 255 255 255 255 255 255 255 255 255 255 255 255 255 
255 255 255 255 255 255 255 255 255 255 255 255 255 255 255 255 255 255 255 
255 255 255 255 255 255 255 255 255 255 255 255 255 255 255 255 255 255 255 
255 255 255 255 255 255 255 255 255 255 255 255 255 255 255 255 255 255 255 
255 255 255 255 255 255 255 255 255 255 255 255 255 255 255 255 255 255 255 
255 255 255 255 255 255 255 255 255 255 255 255 255 255 255 255 255 255 255 
255 255 255 255 255 255 255 255 255 255 255 255 255 255 255 255 255 255 255 
255 255 255 255 255 255 255 255 255 255 255 255 255 255 255 255 255 255 255 
255 255 255 255 255 255 255 255 255 255 255 255 255 255 255 255 255 255 255 
255 255 255 255 255 255 255 255 255 255 255 255 255 255 255 255 255 255 255 
255 255 255 255 255 255 255 255 255 255 255 255 255 255 255 255 255 255 255 
255 255 255 255 255 255 255 255 255 255 255 255 255 255 255 255 255 255 255 
255 255 255 255 255 255 255 255 255 255 255 255 255 255 255 255 255 255 255 
255 255 255 255 255 255 255 255 255 255 255 255 255 255 255 255 255 255 255 
255 255 255 255 255 255 255 255 255 255 255 255 255 255 255 255 255 255 255 
255 255 255 255 255 255 255 255 255 255 255 255 255 255 255 255 255 255 255 
255 255 255 255 255 255 255 255 255 255 255 255 255 255 255 255 255 255 255 
255 255 255 255 255 255 255 255 255 255 255 255 255 255 255 255 255 255 255 
255 255 255 255 255 255 255 255 255 255 255 255 255 255 255 255 255 255 255 
255 255 255 255 255 255 255 255 255 255 255 255 255 255 255 255 255 255 255 
255 255 255 255 255 255 255 255 255 255 255 255 255 255 255 255 255 255 255 
255 255 255 255 255 255 255 255 255 255 255 255 255 255 255 255 255 255 255 
255 255 255 255 255 255 255 255 255 255 255 255 255 255 255 255 255 255 255 
255 255 255 255 255 255 255 255 255 255 255 255 255 255 255 255 255 255 255 
255 255 255 255 255 255 255 255 255 255 255 255 255 255 255 255 255 255 255 
255 255 255 255 255 255 255 255 255 255 255 255 255 255 255 255 255 255 255 
255 255 255 255 255 255 255 255 255 255 255 255 255 255 255 255 255 255 255 
255 255 255 255 255 255 255 255 255 255 255 255 255 255 255 255 255 255 255 
255 255 255 255 255 255 255 255 255 255 255 255 255 255 255 255 255 255 255 
255 255 255 255 255 255 255 255 255 255 255 255 255 255 255 255 255 255 255 
255 255 255 255 255 255 255 255 255 255 255 255 255 255 255 255 255 255 255 
255 255 255 255 255 255 255 255 255 255 255 255 255 255 255 255 255 255 255 
255 255 255 255 255 255 255 255 255 255 255 255 255 255 255 255 255 255 255 
255 255 255 255 255 255 255 255 255 255 255 255 255 255 255 255 255 255 255 
255 255 255 255 255 255 255 255 255 255 255 255 255 255 255 255 255 255 255 
255 255 255 255 255 255 255 255 255 255 255 255 255 255 255 255 255 255 255 
255 255 255 255 255 255 255 255 255 255 255 255 255 255 255 255 255 255 255 
255 255 255 255 255 255 255 255 255 255 255 255 255 255 255 255 255 255 255 
255 255 255 255 255 255 255 255 255 255 255 255 255 255 255 255 255 255 255 
255 255 255 255 255 255 255 255 255 255 255 255 255 255 255 255 255 255 255 
255 255 255 255 255 255 255 255 255 255 255 255 255 255 255 255 255 255 255 
255 255 255 255 255 255 255 255 255 255 255 255 255 255 255 255 255 255 255 
255 255 255 255 255 255 255 255 255 255 255 255 255 255 255 255 255 255 255 
255 255 255 255 255 255 255 255 255 255 255 255 255 255 255 255 255 255 255 
255 255 255 255 255 255 255 255 255 255 255 255 255 255 255 255 255 255 255 
255 255 255 255 255 255 255 255 255 255 255 255 255 255 255 255 255 255 255 
255 255 255 255 255 255 255 255 255 255 255 255 255 255 255 255 255 255 255 
255 255 255 255 255 255 255 255 255 255 255 255 255 255 255 255 255 255 255 
255 255 255 255 255 255 255 255 255 255 255 255 255 255 255 255 255 255 255 
255 255 255 255 255 255 255 255 255 255 255 255 255 255 255 255 255 255 255 
255 255 255 255 255 255 255 255 255 255 255 255 255 255 255 255 255 255 255 
255 255 255 255 255 255 255 255 255 255 255 255 255 255 255 255 255 255 255 
255 255 255 255 255 255 255 255 255 255 255 255 255 255 255 255 255 255 255 
255 255 255 255 255 255 255 255 255 255 255 255 255 255 255 255 255 255 255 
255 255 255 255 255 255 255 255 255 255 255 255 255 255 255 255 255 255 255 
255 255 255 255 255 255 255 255 255 255 255 255 255 255 255 255 255 255 255 
255 255 255 255 255 255 255 255 255 255 255 255 255 255 255 255 255 255 255 
255 255 255 255 255 255 255 255 255 255 255 255 255 255 255 255 255 255 255 
255 255 255 255 255 255 255 255 255 255 255 255 255 255 255 255 255 255 255 
255 255 255 255 255 255 255 255 255 255 255 255 255 255 255 255 255 255 255 
255 255 255 255 255 255 255 255 255 255 255 255 255 255 255 255 255 255 255 
255 255 255 255 255 255 255 255 255 255 255 255 255 255 255 255 255 255 255 
255 255 255 255 255 255 255 255 255 255 255 255 255 255 255 255 255 255 255 
255 255 255 255 255 255 255 255 255 255 255 255 255 255 255 255 255 255 255 
255 255 255 255 255 255 255 255 255 255 255 255 255 255 255 255 255 255 255 
255 255 255 255 255 255 255 255 255 255 255 255 255 255 255 255 255 255 255 
255 255 255 255 255 255 255 255 255 255 255 255 255 255 255 255 255 255 255 
255 255 255 255 255 255 255 255 255 255 255 255 255 255 255 255 255 255 255 
255 255 255 255 255 255 255 255 255 255 255 255 255 255 255 255 255 255 255 
255 255 255 255 255 255 255 255 255 255 255 255 255 255 255 255 255 255 255 
255 255 255 255 255 255 255 255 255 255 255 255 255 255 255 255 255 255 255 
255 255 255 255 255 255 255 255 255 255 255 255 255 255 255 255 255 255 255 
255 255 255 255 255 255 255 255 255 255 255 255 255 255 255 255 255 255 255 
255 255 255 255 255 255 255 255 255 255 255 255 255 255 255 255 255 255 255 
255 255 255 255 255 255 255 255 255 255 255 255 255 255 255 255 255 255 255 
255 255 255 255 255 255 255 255 255 255 255 255 255 255 255 255 255 255 255 
255 255 255 255 255 255 255 255 255 255 255 255 255 255 255 255 255 255 255 
255 255 255 255 255 255 255 255 255 255 255 255 255 255 255 255 255 255 255 
255 255 255 255 255 255 255 255 255 255 255 255 255 255 255 255 255 255 255 
255 255 255 255 255 255 255 255 255 255 255 255 255 255 255 255 255 255 255 
255 255 255 255 255 255 255 255 255 255 255 255 255 255 255 255 255 255 255 
255 255 255 255 255 255 255 255 255 255 255 255 255 255 255 255 255 255 255 
255 255 255 255 255 255 255 255 255 255 255 255 255 255 255 255 255 255 255 
255 255 255 255 255 255 255 255 255 255 255 255 255 255 255 255 255 255 255 
255 255 255 255 255 255 255 255 255 255 255 255 255 255 255 255 255 255 255 
255 255 255 255 255 255 255 255 255 255 255 255 255 255 255 255 255 255 255 
255 255 255 255 255 255 255 255 255 255 255 255 255 255 255 255 255 255 255 
255 255 255 255 255 255 255 255 255 255 255 255 255 255 255 255 255 255 255 
255 255 255 255 255 255 255 255 255 255 255 255 255 255 255 255 255 255 255 
255 255 255 255 255 255 255 255 255 255 255 255 255 255 255 255 255 255 255 
255 255 255 255 255 255 255 255 255 255 255 255 255 255 255 255 255 255 255 
255 255 255 255 255 255 255 255 255 255 255 255 255 255 255 255 255 255 255 
255 255 255 255 255 255 255 255 255 255 255 255 255 255 255 255 255 255 255 
255 255 255 255 255 255 255 255 255 255 255 255 255 255 255 255 255 255 255 
255 255 255 255 255 255 255 255 255 255 255 255 255 255 255 255 255 255 255 
255 255 255 255 255 255 255 255 255 255 255 255 255 255 255 255 255 255 255 
255 255 255 255 255 255 255 255 255 255 255 255 255 255 255 255 255 255 255 
255 255 255 255 255 255 255 255 255 255 255 255 255 255 255 255 255 255 255 
255 255 255 255 255 255 255 255 255 255 255 255 255 255 255 255 255 255 255 
255 255 255 255 255 255 255 255 255 255 255 255 255 255 255 255 255 255 255 
255 255 255 255 255 255 255 255 255 255 255 255 255 255 255 255 255 255 255 
255 255 255 255 255 255 255 255 255 255 255 255 255 255 255 255 255 255 255 
255 255 255 255 255 255 255 255 255 255 255 255 255 255 255 255 255 255 255 
255 255 255 255 255 255 255 255 255 255 255 255 255 255 255 255 255 255 255 
255 255 255 255 255 255 255 255 255 255 255 255 255 255 255 255 255 255 255 
255 255 255 255 255 255 255 255 255 255 255 255 255 255 255 255 255 255 255 
255 255 255 255 255 255 255 255 255 255 255 255 255 255 255 255 255 255 255 
255 255 255 255 255 255 255 255 255 255 255 255 255 255 255 255 255 255 255 
255 255 255 255 255 255 255 255 255 255 255 255 255 255 255 255 255 255 255 
255 255 255 255 255 255 255 255 255 255 255 255 255 255 255 255 255 255 255 
255 255 255 255 255 255 255 255 255 255 255 255 255 255 255 255 255 255 255 
255 255 255 255 255 255 255 255 255 255 255 255 255 255 255 255 255 255 255 
255 255 255 255 255 255 255 255 255 255 255 255 255 255 255 255 255 255 255 
255 255 255 255 255 255 255 255 255 255 255 255 255 255 255 255 255 255 255 
255 255 255 255 255 255 255 255 255 255 255 255 255 255 255 255 255 255 255 
255 255 255 255 255 255 255 255 255 255 255 255 255 255 255 255 255 255 255 
255 255 255 255 255 255 255 255 255 255 255 255 255 255 255 255 255 255 255 
255 255 255 255 255 255 255 255 255 255 255 255 255 255 255 255 255 255 255 
255 255 255 255 255 255 255 255 255 255 255 255 255 255 255 255 255 255 255 
255 255 255 255 255 255 255 255 255 255 255 255 255 255 255 255 255 255 255 
255 255 255 255 255 255 255 255 255 255 255 255 255 255 255 255 255 255 255 
255 255 255 255 255 255 255 255 255 255 255 255 255 255 255 255 255 255 255 
255 255 255 255 255 255 255 255 255 255 255 255 255 255 255 255 255 255 255 
255 255 255 255 255 255 
